442,3
439,3
436,3
435,3
4,3
3,6
3,5
3,4
3,3
3,2
2,114
2,109
2,108
2,107
2,105
2,103
2,102
2,100
2,97
2,96
2,95
2,94
2,91
2,88
2,80
2,78
2,77
2,76
2,75
2,74
2,73
2,71
2,66
2,65
2,31
2,23
2,19
2,18
2,16
2,10
2,9
2,3
2,2
2,1
2,0
1,15
1,5
1,3
1,2
1,1
1,0
0,966
0,965
0,964
0,963
0,962
0,961
0,903
0,849
0,848
0,847
0,846
0,845
0,844
0,843
0,842
0,841
0,840
0,839
0,838
0,837
0,836
0,835
0,834
0,833
0,832
0,702
0,691
0,680
0,563
0,533
0,528
0,524
0,517
0,510
0,481
0,418
0,410
0,407
0,383
0,381
0,369
0,353
0,349
0,335
0,322
0,319
0,317
0,316
0,315
0,313
0,307
0,243
0,9
0,0
0,490
0,489
0,488
0,486
0,422
0,538
0,536
0,350
0,300
0,379
0,299
0,298
0,344
0,297
0,334
0,296
0,330
0,295
0,340
0,294
0,293
0,679
0,292
0,348
0,291
0,493
0,290
0,678
0,289
0,288
0,499
0,287
0,508
0,286
0,374
0,285
0,681
0,284
0,283
0,343
0,282
0,342
0,281
0,653
0,280
0,647
0,279
0,389
0,278
0,370
0,277
0,646
0,276
0,339
0,275
0,476
0,274
0,338
0,273
0,365
0,272
0,388
0,271
0,363
0,270
0,694
0,269
0,362
443,3
444,3
447,3
448,3
452,3
453,3
457,3
459,3
461,3
464,3
465,3
468,3
472,3
473,3
476,3
478,3
571,3
572,3
592,3
596,3
598,3
605,3
607,3
609,3
612,3
649,3
1077,3
1077,5
1359,3
1361,3
1364,3
1366,3
1368,3
1370,3
1372,3
1375,3
1379,3
1514,3
1693,3
1706,3
1713,3
1714,3
1720,3
1731,3
1733,3
1736,3
1737,3
1740,3
1742,5
1743,3
1746,3
1747,3
3319,3
3321,3
3324,3
3726,3
3728,3
3731,3
3733,3
3737,3
3744,3
3749,3
3753,3
3756,3
3762,3
3773,3
3773,8
4212,3
4219,3
4256,3
4256,7
4257,7
4259,3
4260,3
4263,3
4264,3
4267,3
4268,3
4269,3
4269,5
4269,9
4269,133
4270,3
4271,5
4271,7
4271,9
4271,11
4271,13
4271,16
4271,18
4271,20
4271,22
4271,24
4271,26
4271,29
4271,31
4271,33
4271,35
4271,65
4271,67
4271,70
4271,72
4271,74
4271,76
4271,78
4271,80
4271,83
4271,85
4271,87
4271,89
4271,91
4271,93
4271,96
4271,98
4271,100
4271,102
4271,104
4271,106
4271,109
4271,111
4271,113
4271,115
4271,117
4271,119
4271,122
4271,124
4271,126
4271,128
4271,130
4271,133
4271,135
4271,137
4271,139
4271,141
4271,143
4271,145
4271,148
4271,150
4271,152
4271,154
4271,156
4271,159
4271,161
4271,163
4271,165
4271,166
4271,169
4271,171
4271,173
4271,176
4271,177
4271,179
4271,181
4271,183
4271,186
4271,188
4271,190
4271,191
4271,194
4271,196
4271,198
4271,200
4271,201
4271,204
4271,206
4271,208
4271,211
4271,212
4271,215
4271,216
4271,219
4271,221
4271,223
4271,225
4271,226
4271,229
4271,231
4271,233
4271,236
4271,237
4271,239
4271,241
4271,243
4271,246
4271,247
4271,250
4271,251
4271,254
4271,256
4272,3
4272,7
4272,8
4272,10
4272,12
4272,14
4272,19
4272,21
4272,27
4272,28
4272,32
4272,38
4272,40
4272,42
4272,44
4272,49
4272,50
4272,52
4272,64
4272,66
4272,68
4272,69
4272,72
4272,75
4272,76
4272,79
4272,80
4272,82
4272,84
4272,87
4272,89
4272,90
4272,93
4272,94
4272,97
4272,99
4272,101
4272,104
4272,105
4272,107
4272,109
4272,111
4272,114
4272,115
4272,118
4272,119
4272,122
4272,124
4272,125
4272,130
4272,159
4272,193
4272,196
4272,197
4272,199
4272,201
4272,204
4272,205
4272,207
4272,210
4272,211
4272,214
4272,216
4272,218
4272,221
4272,222
4272,224
4272,226
4272,228
4272,229
4272,232
4272,235
4272,236
4272,239
4272,240
4272,243
4272,245
4272,247
4272,249
4272,251
4272,253
4272,254
4272,257
4272,259
4272,261
4272,264
4272,265
4272,267
4272,270
4272,271
4272,274
4272,275
4272,278
4272,281
4272,282
4272,284
4272,286
4272,289
4272,290
4272,292
4272,295
4272,296
4272,299
4272,300
4272,302
4272,305
4272,307
4272,309
4272,310
4272,313
4272,314
4272,317
4272,322
4272,323
4272,334
4272,336
4272,342
4272,450
4272,451
4272,453
4272,455
4272,457
4272,458
4272,461
4272,464
4272,465
4272,468
4272,469
4272,471
4272,474
4272,475
4272,478
4272,479
4272,482
4272,485
4272,486
4272,488
4272,490
4272,493
4272,494
4272,496
4272,499
4272,500
4272,503
4272,504
4272,507
4272,509
4272,511
4272,642
4272,643
4272,645
4272,647
4272,650
4272,652
4272,653
4272,656
4272,657
4273,3
4273,7
4273,8
4273,12
4273,14
4273,17
4273,19
4273,22
4273,25
4273,27
4273,30
4273,31
4273,34
4273,38
4273,39
4273,42
4273,44
4273,47
4273,49
4273,52
4273,55
4273,57
4273,60
4273,61
4273,65
4273,68
4273,69
4273,73
4273,74
4273,77
4273,80
4273,82
4273,85
4273,87
4273,90
4273,92
4273,95
4273,98
4273,99
4273,103
4273,104
4273,107
4273,111
4273,112
4273,115
4273,117
4273,120
4273,122
4273,125
4273,128
4273,130
4273,192
4273,193
4273,197
4273,200
4273,201
4273,204
4273,206
4273,209
4273,211
4273,214
4273,217
4273,219
4273,222
4273,223
4273,227
4273,230
4273,231
4273,235
4273,236
4273,239
4273,242
4273,244
4273,247
4273,249
4273,252
4273,254
4273,257
4273,260
4273,261
4273,265
4273,266
4273,269
4273,273
4273,274
4273,322
4273,324
4273,327
4273,329
4275,1
4275,4
4275,5
4276,3
4277,3
4279,3
4281,3
4282,3
4284,3
4285,3
4286,3
4287,3
4289,3
4289,6
4289,7
4290,3
4290,4
4291,3
4291,5
4291,6
4291,8
4292,1
4292,3
4292,5
4294,3
4296,3
4297,1
4297,4
4297,5
4297,7
4297,9
4297,10
4297,13
4297,14
4297,16
4297,20
4297,22
4297,24
4297,25
4297,27
4297,28
4297,31
4297,33
4297,34
4297,36
4297,37
4297,40
4297,43
4297,44
4297,50
4297,55
4297,64
4297,65
4297,67
4297,69
4297,70
4297,72
4297,73
4297,75
4297,77
4297,78
4297,80
4297,81
4297,83
4297,84
4297,86
4297,88
4297,89
4297,91
4297,92
4297,94
4297,96
4297,97
4297,99
4297,100
4297,102
4297,104
4297,105
4297,107
4297,108
4297,110
4297,111
4297,113
4297,115
4297,116
4297,118
4298,3
4298,5
4299,6
4299,7
4299,12
4299,14
4299,21
4299,26
4299,29
4299,42
4299,45
4299,70
4299,74
4299,76
4299,82
4299,87
4299,95
4299,96
4299,108
4299,110
4299,118
4299,127
4299,192
4299,201
4299,206
4299,214
4299,220
4299,224
4299,232
4299,236
4299,244
4299,249
4299,254
4299,260
4299,261
4299,266
4299,268
4299,278
4299,284
4299,286
4299,293
4299,297
4299,305
4299,314
4299,319
4299,387
4299,391
4299,396
4299,398
4299,405
4299,409
4299,414
4299,422
4299,427
4299,435
4299,442
4299,447
4299,455
4299,457
4299,468
4299,481
4299,499
4299,524
4299,581
4299,588
4299,597
4299,599
4299,602
4299,604
4299,613
4299,617
4299,624
4299,626
4299,632
4299,643
4299,653
4299,658
4299,659
4299,664
4299,667
4299,669
4299,672
4299,675
4299,688
4299,704
4305,3
4307,3
4316,0
4317,0
4317,2
4317,4
4317,6
4320,3
4325,3
4327,1
4330,2
4331,2
4331,3
4332,2
4332,3
4337,0
4337,3
4339,2
4339,4
4340,3
4342,3
4342,4
4344,3
4350,1
4350,3
4354,3
4362,3
4364,3
4368,3
4370,4
4373,3
4376,3
4380,1
4380,3
4381,8
4381,29
4382,3
4382,7
4382,9
4383,3
4384,3
4384,5
4384,8
4385,3
4386,4
4388,3
4390,3
4391,3
4392,3
4393,3
4394,2
4424,0
4457,2
4457,3
4458,2
4458,3
4461,3
4471,3
4472,4
4473,6
4473,8
4474,4
4475,3
4476,3
4477,3
4478,3
4479,3
4479,4
4481,3
4482,3
4484,3
4485,3
4485,4
4486,4
4487,3
4487,5
4488,3
4489,3
4490,3
4490,4
4492,3
4493,3
4495,3
4496,3
4497,3
4498,3
4499,3
4500,3
4502,3
4503,1
4503,5
4504,1
4505,1
4513,2
4513,3
4516,2
4516,3
4526,3
4537,3
4540,1
4540,4
4540,5
4542,4
4546,3
4547,3
4551,2
4551,3
4551,5
4552,3
4554,2
4554,3
4555,4
4555,12
4555,22
4555,33
4555,37
4555,47
4555,52
4555,53
4555,58
4555,61
4555,66
4555,69
4555,74
4555,79
4555,82
4555,87
4555,88
4555,94
4555,99
4555,101
4555,107
4555,109
4555,113
4555,118
4555,121
4555,126
4555,129
4555,193
4555,196
4555,201
4555,206
4555,207
4555,214
4555,215
4555,220
4555,226
4555,228
4555,233
4555,236
4555,241
4555,244
4555,249
4555,253
4555,256
4555,261
4555,263
4555,269
4555,274
4555,276
4555,280
4555,283
4555,288
4555,291
4555,296
4555,301
4555,304
4555,309
4555,310
4555,317
4555,321
4555,323
4555,329
4555,331
4555,336
4555,339
4555,344
4555,348
4555,352
4555,356
4555,360
4555,364
4555,369
4555,372
4555,377
4555,379
4555,383
4555,390
4555,391
4555,396
4555,399
4555,404
4555,407
4555,412
4555,417
4555,420
4555,425
4555,426
4555,432
4555,437
4555,439
4555,444
4555,447
4555,451
4555,455
4555,459
4555,512
4555,515
4557,3
4557,4
4559,3
4561,1
4561,3
4562,1
4562,2
4562,4
4566,1
4566,3
4568,1
4568,2
4568,4
4568,5
4569,3
4633,1
4633,3
4634,2
4634,3
4635,1
4635,3
4635,4
4636,2
4636,3
4637,2
4637,3
4638,0
4638,3
4639,0
4639,3
4639,4
4640,2
4640,4
4665,0
4665,3
4666,0
4666,3
4667,0
4667,3
4668,2
4668,3
4669,0
4669,1
4669,3
4670,1
4670,2
4671,0
4671,2
4672,1
4672,2
4673,0
4673,3
4675,0
4675,3
4676,1
4676,3
4676,5
4676,6
4676,8
4676,9
4676,11
4676,12
4676,14
4676,16
4676,17
4676,19
4676,20
4676,22
4676,24
4676,25
4676,27
4676,28
4676,30
4676,32
4676,33
4676,35
4676,36
4676,65
4676,66
4676,68
4676,70
4676,71
4676,73
4676,74
4676,76
4676,78
4676,79
4676,81
4676,82
4676,84
4676,85
4676,87
4676,89
4676,90
4676,92
4676,93
4676,95
4676,97
4676,98
4676,100
4676,101
4676,103
4676,104
4676,106
4676,108
4676,109
4676,111
4676,112
4676,114
4676,116
4676,117
4676,119
4676,120
4676,122
4676,124
4676,125
4677,0
4677,2
4678,0
4678,1
4679,0
4679,3
4680,0
4680,3
4681,0
4681,3
4682,1
4682,3
4683,1
4683,2
4683,4
4691,0
4691,2
4691,4
4698,0
4698,2
4698,3
4726,1
4726,3
4727,0
4727,2
4727,3
4728,1
4728,2
4728,4
4729,1
4729,2
4729,4
4730,0
4730,2
4730,4
4731,0
4731,2
4731,3
4731,5
4733,1
4733,2
4734,0
4734,1
4734,3
4734,4
4734,6
4734,8
4734,9
4734,11
4735,0
4735,2
4736,0
4736,1
4736,3
4739,0
4739,2
4739,3
4739,5
4742,1
4742,2
4742,4
4742,5
4748,1
4748,3
4749,0
4749,2
4749,3
4749,5
4749,6
4750,1
4750,3
4750,4
4751,1
4751,2
4751,4
4751,6
4752,0
4752,2
4752,3
4752,5
4771,0
4771,2
4771,4
4771,5
4773,1
4773,2
4773,4
4774,1
4774,2
4776,0
4776,1
4776,3
4776,6
4777,0
4777,2
4777,3
4777,5
4778,0
4778,2
4779,0
4779,1
4779,3
4779,4
4780,1
4780,3
4780,4
4781,1
4781,2
4781,4
4782,0
4782,2
4782,4
4782,5
4783,1
4783,2
4783,4
4784,0
4784,1
4784,3
4785,0
4785,2
4785,3
4786,0
4786,2
4786,3
4787,1
4787,2
4787,4
4787,6
4787,7
4788,1
4788,2
4788,4
4789,1
4789,2
4789,4
4790,0
4790,2
4790,3
4791,1
4791,3
4792,0
4792,2
4792,3
4793,1
4793,3
4793,4
4794,1
4794,2
4794,4
4795,0
4795,2
4795,4
4795,5
4796,1
4796,2
4796,4
4797,1
4797,2
4797,4
4798,0
4798,2
4798,3
4799,0
4799,2
4799,3
4799,5
4800,0
4800,2
4800,4
4801,0
4801,2
4801,3
4802,0
4802,1
4802,3
4803,0
4803,1
4803,3
4803,4
4815,0
4815,2
4815,3
4815,5
4816,0
4816,2
4816,4
4817,0
4817,2
4817,3
4820,0
4820,1
4820,3
4820,5
4821,0
4821,2
4821,3
4821,5
4823,1
4823,2
4823,4
4823,5
4265,3
4269,1
4273,10
4271,3
4272,11
4272,17
4271,12
4272,29
4272,35
4271,19
4272,48
4271,23
4272,65
4271,27
4271,30
4271,34
4272,78
4272,83
4272,86
4272,91
4272,95
4271,77
4272,103
4271,81
4271,84
4271,88
4272,116
4272,121
4271,95
4271,99
4272,195
4271,103
4271,107
4272,208
4272,212
4272,215
4272,220
4272,225
4271,121
4271,125
4272,233
4272,238
4271,132
4271,136
4272,250
4271,140
4271,144
4272,260
4272,263
4272,268
4271,155
4271,158
4272,276
4271,162
4272,285
4272,288
4271,172
4271,175
4272,303
4271,180
4271,184
4271,187
4272,315
4271,192
4272,449
4271,197
4272,459
4272,462
4272,467
4271,210
4272,476
4271,214
4271,218
4271,222
4272,489
4271,227
4271,230
4272,502
4272,505
4271,240
4272,641
4271,245
4271,248
4272,649
4272,654
4273,245
4273,272
4273,5
4273,248
4272,1
4273,253
4273,16
1708,3
1735,3
1718,3
1715,3
1739,3
3323,3
3308,3
4191,3
4262,3
466,3
474,3
456,3
477,3
462,3
441,3
460,3
3749,5
3758,3
3765,3
3735,3
3732,3
3724,3
1367,3
1376,3
2146,3
1363,3
1371,3
601,3
606,3
615,3
610,3
593,3
554,3
651,3
591,3
1373,3
1358,3
1360,3
3745,3
3730,3
3776,3
451,3
445,3
469,3
1515,3
449,3
4223,3
1744,3
1682,3
1732,3
1741,3
4273,270
4272,5
4273,323
4258,4
4271,252
4272,646
4272,510
4271,235
4272,497
4272,492
4272,484
4272,480
4272,472
4271,205
4271,202
4272,454
4272,319
4272,311
4272,306
4272,298
4272,293
4271,167
4272,280
4272,273
4271,151
4271,147
4272,255
4272,246
4272,242
4271,129
4272,230
4271,118
4271,114
4271,110
4272,203
4272,200
4272,126
4271,92
4272,113
4272,108
4272,100
4271,73
4271,69
4271,66
4272,73
4272,70
4272,53
4272,43
4271,15
4272,26
4271,8
4273,1
4269,6
4823,6
4823,3
4823,0
4821,4
4821,1
4820,4
4820,2
4817,4
4817,1
4816,3
4816,1
4815,4
4815,1
4803,5
4803,2
4802,4
4802,2
4801,4
4801,1
4800,3
4800,1
4799,4
4799,1
4798,4
4798,1
4797,3
4797,0
4796,3
4796,0
4795,3
4795,1
4794,3
4794,0
4793,2
4793,0
4792,1
4791,2
4791,0
4790,1
4789,3
4789,0
4788,3
4788,0
4787,5
4787,3
4787,0
4786,1
4785,4
4785,1
4784,2
4783,5
4783,3
4783,0
4782,3
4782,1
4781,3
4781,0
4780,2
4780,0
4779,2
4778,3
4778,1
4777,4
4777,1
4776,4
4776,2
4774,3
4774,0
4773,3
4773,0
4771,3
4771,1
4752,4
4752,1
4751,5
4751,3
4751,0
4750,2
4750,0
4749,4
4749,1
4748,2
4748,0
4742,3
4742,0
4739,4
4739,1
4736,2
4735,3
4735,1
4734,10
4734,7
4734,5
4734,2
4733,3
4733,0
4731,4
4731,1
4730,3
4730,1
4729,3
4729,0
4728,3
4728,0
4727,1
4726,2
4726,0
4698,1
4691,3
4691,1
4683,3
4683,0
4682,0
4681,2
4680,1
4679,2
4678,3
4677,3
4676,126
4676,123
4676,121
4676,118
4676,115
4676,113
4676,110
4676,107
4676,105
4676,102
4676,99
4676,96
4676,94
4676,91
4676,88
4676,86
4676,83
4676,80
4676,77
4676,75
4676,72
4676,69
4676,67
4676,64
4676,34
4676,31
4676,29
4676,26
4676,23
4676,21
4676,18
4676,15
4676,13
4676,10
4676,7
4676,4
4676,2
4675,1
4673,2
4672,3
4671,3
4670,3
4669,9
4669,2
4668,4
4668,0
4667,1
4666,2
4665,1
4640,3
4640,1
4639,1
4638,2
4637,5
4637,0
4636,0
4635,2
4634,5
4634,0
4569,4
4569,1
4568,3
4566,4
4566,2
4562,3
4561,4
4559,5
4559,2
4557,2
4555,463
4555,456
4555,450
4555,442
4555,434
4555,429
4555,421
4555,413
4555,409
4555,402
4555,394
4555,386
4555,382
4555,374
4555,366
4555,361
4555,353
4555,347
4555,342
4555,334
4555,326
4555,318
4555,314
4555,306
4555,299
4555,293
4555,287
4555,279
4555,271
4555,266
4555,258
4555,250
4555,245
4555,239
4555,231
4555,223
4555,218
4555,211
4555,203
4555,198
4555,131
4555,125
4555,117
4555,112
4555,104
4555,96
4555,91
4555,83
4555,77
4555,71
4555,64
4555,56
4555,48
4555,44
4555,25
4555,5
4555,3
4553,3
4551,4
4547,4
4546,5
4542,3
4540,3
4538,3
4523,3
4515,3
4505,3
4504,3
4503,3
4501,3
4500,2
4498,0
4496,1
4494,3
4491,3
4489,4
4488,1
4487,4
4486,3
4484,4
4483,3
4480,3
4479,2
4476,4
4475,5
4474,3
4473,3
4472,3
4461,1
4457,4
4424,3
4394,3
4393,1
4390,5
4388,4
4386,3
4384,6
4383,7
4382,13
4382,5
4381,22
4381,3
4378,3
4371,3
4370,3
4363,3
4354,0
4346,3
4343,3
4341,3
4339,3
4337,4
4335,3
4331,5
4330,3
4327,3
4325,1
4317,5
4317,3
4316,3
4305,7
4299,690
4299,676
4299,670
4299,665
4299,661
4299,656
4299,640
4299,631
4299,623
4299,609
4299,601
4299,598
4299,586
4299,516
4299,488
4299,465
4299,448
4299,438
4299,429
4299,417
4299,408
4299,402
4299,394
4299,371
4299,310
4299,304
4299,291
4299,279
4299,275
4299,262
4299,259
4299,253
4299,240
4299,227
4299,218
4299,208
4299,197
4299,122
4299,115
4299,101
4299,89
4299,79
4299,75
4299,67
4299,37
4299,28
4299,15
4299,10
4299,3
4298,4
4297,117
4297,114
4297,112
4297,109
4297,106
4297,103
4297,101
4297,98
4297,95
4297,93
4297,90
4297,87
4297,85
4297,82
4297,79
4297,76
4297,74
4297,71
4297,68
4297,66
4297,60
4297,45
4297,41
4297,39
4297,35
4297,32
4297,30
4297,26
4297,23
4297,17
4297,15
4297,11
4297,8
4297,6
4297,3
4295,3
4293,3
4292,2
4291,7
4291,4
4290,5
4289,8
4289,5
4288,3
4286,2
4283,3
4280,3
4278,3
4275,12
4275,3
4274,3
4273,326
4273,321
4273,271
4273,268
4273,263
4273,258
4273,255
4273,250
4273,246
4273,241
4273,238
4273,233
4273,228
4273,225
4273,220
4273,216
4273,212
4273,208
4273,203
4273,198
4273,195
4273,131
4273,126
4273,123
4273,118
4273,114
4273,109
4273,106
4273,101
4273,96
4273,93
4273,88
4273,84
4273,79
4273,76
4273,71
4273,66
4273,63
4273,58
4273,53
4273,50
4273,46
4273,41
4273,36
4273,33
4273,28
4273,23
4273,20
4273,15
4273,11
4273,4
4272,658
4272,655
4272,651
4272,648
4272,644
4272,640
4272,508
4272,506
4272,501
4272,498
4272,495
4272,491
4272,487
4272,483
4272,481
4272,477
4272,473
4272,470
4272,466
4272,463
4272,460
4272,456
4272,452
4272,448
4272,339
4272,329
4272,318
4272,316
4272,312
4272,308
4272,304
4272,301
4272,297
4272,294
4272,291
4272,287
4272,283
4272,279
4272,277
4272,272
4272,269
4272,266
4272,262
4272,258
4272,256
4272,252
4272,248
4272,244
4272,241
4272,237
4272,234
4272,231
4272,227
4272,223
4272,219
4272,217
4272,213
4272,209
4272,206
4272,202
4272,198
4272,194
4272,192
4272,127
4272,123
4272,120
4272,117
